Columns 1 through 28

     1     3     4     5     6     7     9    10    11    13    16    17    19    23    24    25    28    30    31    35    36    37    38    40    41    42    44    50

  Columns 29 through 56

    52    54    55    57    59    61    65    69    71    74    77    81    89    92    94    95    96    97   100   105   106   107   108   109   111   112   113   115

  Columns 57 through 76

   116   120   123   124   125   127   129   130   133   134   135   139   140   143   144   145   146   147   149   150

Ans=5768
